19.409234632978553,19.623347525250594
19.41290063123994,17.453827102546136
19.51442242964429,15.470311442896692
19.42417116919443,13.495366332950763
19.462432439585633,11.526593730283688
19.51323483486592,9.527773458458018
19.465513634723155,7.488610748602047
19.445673909844572,5.400851850201909
19.4031761068418,3.568200773394429
19.466892901603224,1.5583760512167484
17.41669914895143,19.409935497934253
17.449638052459488,17.57099256156023
17.57297456772642,15.507148476870164
17.34436610668973,13.504042794103773
17.39456616793016,11.524990545569416
17.611502238456723,9.391536353654086
17.52337246960733,7.605315453109017
17.496200593890915,5.41346586392926
17.37605438986158,3.3673584346255057
17.419614783665995,1.4763868763922958
15.449834657248925,19.48088104889714
15.441898262438052,17.37978240407272
15.418516840094473,15.473885495394041
15.464502195088825,13.520984591123822
15.557488944586687,11.363299885665688
15.484675641635018,9.471062807761296
15.537119143192829,7.573048307342448
15.553864342358489,5.332949834572113
15.62891137577731,3.4861252034703707
15.539260032097577,1.6402899134308289
13.374220026619048,19.466601329712063
13.418671430738755,17.355541407903292
13.47999696751019,15.518416627788913
13.520406174641,13.588340837724688
13.337475973934067,11.653972321069816
13.645880564343164,9.55029836110195
13.521023266009905,7.5157092910968935
13.472541366973685,5.588865024099275
13.657993710377946,3.4873492614180983
13.378916605824845,1.6079696798950252
11.5858522118011,19.557488202153646
11.517284536054932,17.460850336902563
11.565789152839638,15.492263851257926
11.612257816266109,13.431677048838223
11.415724345494002,11.202047135386776
11.314612347510288,9.532555487511521
11.471061934289873,7.533707718120385
11.456249748288037,5.399921812381236
11.66427773769761,3.595907595462043
11.68465043466317,1.4456018723237867
9.54166896458052,19.490760340550395
9.561102812590052,17.418028545195025
9.526059947239563,15.51770141743311
9.559452530427793,13.54218196815608
9.512609753970624,11.516494423827131
9.435339094212722,9.56278401861589
9.607193279857569,7.499760673946622
9.567911241308785,5.4995671360452185
9.424771887917089,3.4510075799551623
9.434523363405207,1.5959424789373127
7.471771200662083,19.510789472693276
7.592245184448302,17.560004750042822
7.417149911519503,15.421833598207563
7.49360207418251,13.540005635233845
7.418536851027673,11.563000770908088
7.473465707728508,9.527236625702002
7.496623346068666,7.496235160075854
7.551997407764198,5.516385320890585
7.404644349482735,3.3238275829253645
7.514045239681712,1.4426580581677817
5.494007381973966,19.395287432453816
5.70070376923011,17.559182234719124
5.466351573511209,15.38040370196049
5.3433803439785095,13.337906261662605
5.575714848850137,11.477805909875668
5.234603743426063,9.6273558819129
5.386919778686884,7.579927155353852
5.536713652503575,5.60409892089151
5.310176184940423,3.5856888398611564
5.604267241258269,1.3678220308968352
3.535421927003258,19.43364429319501
3.508427524695781,17.573459125799864
3.421152606382377,15.70574203814216
3.5612855876355756,13.45544754029379
3.646972523987406,11.513939163347377
3.614243664359363,9.533587864198719
3.724210941409608,7.635447677839546
3.4255552029818,5.552759549340505
3.2932059910053813,3.602751405559563
3.5295383078044393,1.4603864004807954
1.585706750208671,19.47918261276219
1.6681393136801919,17.345128525400597
1.4605136897908426,15.551191828642892
1.4214268238265084,13.65385991534782
1.410986959543236,11.528621560445194
1.534350099101617,9.427621878096346
1.414506954463833,7.462231461178868
1.6170078456564478,5.406261095670564
1.5328427527943116,3.4350110994735537
1.3713800405747956,1.3838420084482728
